100
156.9519 1.83 242.0
289.5172 3.1200 15.14415
346.00000 3.00000 371.00000
500.0 3.87 119.305
47.95623 3.86598 1748.06959
216.00000 2.00000 432.00000
490.86047 1.21262 1988.63692
328.71254 1.74880 1218.18722
493.04459 1.40548 1987.16193
193.0 3.0 336.0
492.41809 1.30582 1956.31764
20.0 1.0 142.81041
21.0 4.0 1639.0
467.00000 4.00000 498.00000
96.78793 1.99719 930.51958
497.28147 1.01720 1966.60206
491.20394 1.30251 1938.11194
1.0 1.50547 705.4283
323.0 3.0 435.0
496.16719 1.03606 1997.85793
491.34842 1.0 226.0
413.00000 2.00000 826.00000
61.46679 3.55969 1011.43904
307.53039 2.48894 667.43305
95.60 4.0 1880.78
495.30905 1.26351 1972.40921
472.4 2.8 1657.32
498.59869 1.33344 1931.63508
495.05518 1.03866 1927.65736
401.0 3.0 1625.0
1.01858 3.87764 1999.73104
398.00000 2.00000 796.00000
20.00000 2.00000 40.00000
59.0 1.0 794.0
67.0 1.2 2000.00
317.51824 2.25118 1103.76201
208.0 1.0 1740.0
493.38570 1.36918 1912.48077
1.01294 3.07014 1999.00795
493.98006 1.26519 1975.41981
493.57801 1.18754 1927.31237
77.6 2.425 44.434
496.01891 1.19923 1949.43824
46.0 2.0 1357.0
85.04699 1.47777 1232.89370
47.13789 3.04624 1538.14827
476.0 1.0 535.0
1.58394 3.65458 2.47288
493.95453 1.20367 1927.05548
490.07781 1.42895 1979.93057
92.16380 1.79142 883.71507
56.2640 1.7632 1854.657
478.0 2.0 439.0
498.01372 1.37911 1920.21096
115.0 2.0 1497.0
158.20516 1.09682 347.69030
234.89559 1.84120 1525.90223
253.38589 2.55856 1532.23133
492.76548 1.30188 1961.76009
494.85973 3.51502 422.86399
497.06926 1.01320 1988.39768
244.481 2.73514 1594.88334
498.37042 1.35251 1969.51041
34.69885 3.67010 317.63284
490.49165 1.08601 1913.73095
494.17660 1.34259 1943.34170
176.0 2.0 699.0
496.24668 1.47038 1900.80589
496.80971 1.43587 1970.69151
498.65322 1.29980 1906.08356
434.57649 3.70090 335.58938
165.20854 2.63698 1330.32065
1.04818 3.15226 1999.39390
141.84074 3.3617 1613.0
495.71242 1.32241 1908.67781
498.42722 2.8 1007.05
495.62845 1.43537 1973.37148
47.0 3.2 1373.811
158.28027 2.68677 1610.55651
140.57798 2.81 1.00000
496.22663 1.45573 1928.73038
319.85318 3.0 1852.831
495.15938 1.00112 1906.52306
492.31021 1.08973 1933.50870
497.68949 1.36313 1963.31658
492.25968 1.22628 1912.73447
496.60089 1.23632 1953.67866
490.28542 1.14197 1922.25395
248.7 1.0 81.26339
493.60314 1.15547 1912.44110
1.00126 3.22171 1999.87720
470.79690 2.30443 1564.11647
358.00000 2.00000 364.00000
267.14345 1.39627 826.07528
65.0 4.0 1556.0
431.0 2.0 508.0
498.10156 1.45608 1983.44291
96.0 3.0 944.0
414.00000 2.00000 433.00000
378.48071 3.37402 159.60046
